##################################################
##################################################
##################################################
[[1. 0. 0. ... 0. 0. 0.]
 [0. 1. 0. ... 0. 0. 0.]
 [1. 0. 0. ... 0. 0. 0.]
 ...
 [0. 0. 0. ... 0. 0. 0.]
 [0. 0. 0. ... 0. 0. 0.]
 [1. 0. 0. ... 0. 0. 0.]]
[[0. 0. 0. ... 0. 0. 0.]
 [1. 1. 0. ... 0. 0. 0.]
 [0. 0. 0. ... 0. 0. 0.]
 ...
 [0. 0. 0. ... 0. 0. 0.]
 [0. 0. 0. ... 0. 0. 0.]
 [0. 0. 0. ... 0. 0. 0.]]
F1-score (Macro): 0.6713

詳細報告:
              precision    recall  f1-score   support

 Not Joy (0)       0.73      0.83      0.78      1233
     Joy (1)       0.65      0.50      0.57       767

    accuracy                           0.71      2000
   macro avg       0.69      0.67      0.67      2000
weighted avg       0.70      0.71      0.70      2000

